   1
  17
  39
  45
  87
  88
 101
 126
 132
 153
 168
 170
 244
 258
 278
 284
 292
 302
 306
 317
 317
 320
 374
 383
 394
 398
 433
 444
 457
 511
 535
 538
 544
 552
 606
 615
 626
 628
 632
 654
 658
 662
 676
 710
 719
 796
 803
 806
 808
 811
 817
 835
 840
 843
 869
 886
 948
 953
 956
 971
 981
 990
 997
1043
1050
1057
1063
1078
1083
1088
1091
1101
1116
1158
1180
1197
1230
1230
1259
1263
1284
1298
1299
1310
1333
1406
1408
1461
1482
1494
1496
1507
1507
1533
1595
1616
1650
1657
1676
1720
1750
1780
1805
1814
1825
1833
1848
1858
1862
1863
1878
1901
1912
1917
1928
1945
1964
1973
1998
2001
2052
2054
2065
2071
2082
2095
2101
2111
2132
2139
2149
2167
2203
2230
2256
2266
2266
2289
2295
2307
2308
2322
2327
2370
2373
2469
2476
2506
2521
2587
2605
2623
2638
2657
2666
2666
2688
2718
2723
2733
2785
2787
2787
2792
2794
2795
2830
2835
2854
2863
2891
2932
2935
2956
2977
3015
3022
3026
3034
3062
3076
3078
3095
3133
3148
3160
3163
3163
3171
3181
3186
3186
3186
3193
3194
3200
3205
3226
3253
3257
3262
3263
3267
3275
3277
3277
3284
3286
3343
3355
3370
3384
3410
3428
3470
3470
3481
3487
3506
3512
3526
3597
3616
3619
3653
3683
3718
3729
3783
3789
3791
3795
3797
3804
3807
3843
3844
3846
3850
3851
3867
3870
3875
3890
3924
3935
3938
3953
3962
3966
4057
4057
4090
4183
4222
4224
4240
4294
4301
4308
4318
4320
4321
4327
4341
4351
4372
4372
4373
4417
4430
4438
4467
4485
4496
4497
4527
4556
4586
4597
4598
4599
4628
4636
4697
4712
4727
4740
4746
4779
4798
4814
4817
4839
4842
4843
4853
4858
4865
4876
4896
4904
4945
4992
5025
5033
5035
5124
5132
5151
5164
5208
5214
5223
5237
5238
5238
5250
5255
5257
5260
5285
5312
5319
5324
5339
5389
5391
5396
5404
5405
5440
5466
5506
5523
5538
5573
5600
5602
5623
5630
5642
5666
5704
5722
5726
5731
5746
5783
5799
5844
5851
5878
5881
5884
5891
5935
5951
5997
6002
6005
6040
6069
6078
6082
6100
6105
6109
6131
6145
6194
6217
6220
6244
6314
6357
6367
6386
6441
6456
6463
6539
6553
6565
6570
6586
6602
6686
6712
6714
6735
6769
6792
6797
6823
6844
6853
6872
6875
6893
6928
6931
6959
6960
6989
7006
7040
7057
7061
7062
7092
7095
7104
7105
7106
7124
7131
7156
7167
7211
7246
7249
7254
7284
7288
7295
7302
7309
7337
7349
7354
7440
7449
7451
7462
7479
7491
7510
7517
7522
7549
7553
7560
7571
7591
7609
7622
7626
7630
7637
7640
7648
7708
7771
7789
7791
7794
7798
7799
7811
7842
7864
7890
7910
7914
7914
7926
7932
7935
7950
7995
8008
8016
8024
8039
8062
8077
8078
8094
8106
8115
8139
8150
8172
8184
8204
8211
8239
8255
8296
8299
8310
8310
8320
8323
8334
8392
8418
8428
8476
8476
8500
8530
8539
8548
8588
8628
8661
8668
8670
8674
8684
8695
8729
8738
8755
8757
8829
8847
8857
8883
8887
8900
8919
8926
8933
8934
8939
8945
8962
8996
9004
9072
9087
9095
9096
9099
9101
9143
9178
9212
9231
9262
9266
9267
9289
9305
9308
9401
9405
9407
9436
9449
9452
9455
9482
9494
9499
9504
9510
9529
9572
9593
9596
9601
9605
9635
9703
9706
9716
9745
9749
9759
9770
9772
9773
9818
9830
9843
9856
9881
9882
9885
9889
9966
9967
9975
9976
9979
10038
10052
10058
10071
10101
10132
10159
10169
10184
10206
10216
10218
10221
10247
10262
10278
10307
10335
10361
10370
10370
10371
10393
10419
10427
10438
10449
10485
10503
10517
10519
10551
10561
10577
10618
10620
10629
10638
10650
10652
10658
10659
10671
10690
10704
10738
10746
10757
10759
10797
10810
10821
10884
10913
10915
10927
10942
10944
10959
10992
10997
11008
11012
11055
11057
11075
11080
11107
11120
11128
11132
11196
11210
11217
11225
11251
11258
11288
11295
11315
11320
11377
11392
11408
11414
11418
11419
11428
11449
11474
11529
11530
11531
11543
11600
11615
11639
11644
11652
11687
11704
11708
11711
11733
11735
11762
11766
11771
11777
11779
11795
11813
11826
11833
11838
11867
11890
11899
11917
11941
11944
11956
11962
11975
12026
12043
12045
12055
12055
12061
12065
12077
12081
12106
12117
12151
12186
12211
12222
12223
12228
12231
12238
12248
12260
12262
12264
12265
12279
12319
12327
12332
12344
12366
12377
12393
12396
12419
12420
12429
12448
12462
12474
12496
12508
12531
12543
12552
12563
12564
12564
12594
12622
12662
12663
12674
12723
12741
12750
12836
12837
12842
12858
12862
12866
12869
12938
12950
12960
12977
12978
12991
13016
13025
13034
13048
13055
13074
13078
13089
13095
13095
13099
13100
13143
13147
13153
13162
13197
13205
13211
13230
13245
13247
13251
13271
13282
13301
13306
13327
13333
13341
13343
13378
13403
13425
13443
13450
13479
13479
13493
13558
13573
13577
13583
13586
13593
13598
13607
13617
13653
13679
13699
13764
13779
13821
13822
13881
13883
13888
13893
13895
13914
13915
13938
13940
13942
13956
13968
13987
13989
14018
14031
14049
14049
14102
14135
14147
14147
14154
14159
14164
14174
14187
14190
14196
14197
14202
14225
14234
14245
14247
14281
14319
14337
14345
14371
14425
14438
14442
14460
14473
14483
14483
14544
14552
14567
14618
14626
14642
14650
14651
14658
14663
14676
14683
14691
14714
14718
14721
14743
14782
14804
14813
14834
14846
14860
14865
14881
14903
14914
14923
14927
14937
14941
14945
14945
14946
14954
14958
14963
14970
14971
14975
14981
15011
15015
15023
15023
15026
15038
15067
15079
15105
15120
15175
15181
15185
15189
15279
15305
15355
15375
15383
15383
15404
15420
15421
15457
15503
15504
15505
15517
15518
15552
15553
15559
15573
15583
15612
15627
15650
15651
15674
15681
15707
15718
15719
15726
15729
15756
15812
15822
15838
15839
15842
15849
15890
15912
15929
15937
15979
15984
15987
15991
16003
16039
16040
16065
16070
16082
16088
16094
16107
16117
16129
16132
16185
16239
16250
16281
16296
16297
16306
16310
16322
16323
16383
16417
16426
16461
16471
16472
16495
16505
16511
16575
16589
16607
16633
16655
16657
16676
16689
16698
16704
16711
16714
16731
16753
16789
16790
16805
16811
16833
16843
16858
16871
16874
16895
16944
16950
16950
16952
16960
16977
16979
17000
17026
17028
17036
17053
17063
17066
17072
17098
17103
17109
17115
17136
17144
17175
17181
17188
17201
17264
17308
17329
17331
17368
17383
17394
17426
17453
17471
17479
17526
17527
17545
17550
17568
17571
17581
17592
17596
17603
17604
17607
17656
17663
17664
17668
17738
17763
17774
17775
17814
17818
17844
17845
17853
17887
17919
17967
17972
17982
18004
18056
18080
18089
18093
18113
18160
18172
18173
18174
18196
18206
18231
18262
18277
18285
18321
18338
18341
18400
18440
18482
18501
18518
18526
18562
18565
18606
18612
18618
18625
18647
18650
18662
18664
18675
18683
18737
18750
18808
18818
18842
18847
18857
18865
18871
18878
18910
18913
18923
18929
18945
18968
18971
18993
19001
19007
19009
19010
19018
19033
19039
19045
19064
19070
19115
19150
19154
19182
19187
19214
19217
19226
19245
19253
19265
19276
19281
19290
19293
19321
19328
19360
19360
19364
19365
19366
19395
19398
19400
19405
19423
19425
19530
19535
19542
19550
19571
19591
19665
19666
19672
19732
19750
19793
19794
19818
19846
19866
19869
19871
19890
19897
19916
19930
19941
19954
19960
20019
20030
20044
20055
20081
20087
20117
20132
20133
20135
20169
20214
20237
20238
20245
20249
20265
20275
20276
20288
20353
20363
20363
20369
20369
20370
20388
20393
20408
20409
20422
20429
20431
20490
20496
20499
20568
20606
20609
20622
20657
20671
20679
20742
20754
20760
20771
20773
20782
20799
20808
20808
20841
20887
20891
20899
20929
20934
20938
20943
20952
20960
20967
20971
21047
21090
21100
21115
21152
21159
21163
21175
21205
21206
21237
21251
21267
21280
21292
21366
21373
21389
21399
21400
21402
21409
21431
21505
21519
21527
21537
21598
21601
21614
21626
21631
21662
21678
21707
21708
21726
21734
21752
21788
21811
21817
21847
21864
21868
21874
21878
21895
21907
21928
21950
21974
21998
22012
22015
22017
22020
22020
22037
22073
22078
22108
22112
22131
22139
22157
22185
22186
22187
22191
22196
22209
22217
22244
22251
22260
22276
22282
22284
22289
22292
22297
22298
22303
22325
22326
22337
22340
22350
22388
22397
22416
22430
22442
22447
22460
22489
22526
22564
22600
22609
22634
22637
22689
22691
22711
22731
22738
22744
22781
22789
22792
22807
22816
22820
22820
22837
22842
22846
22851
22858
22878
22906
22919
22922
22923
22937
22966
23032
23041
23050
23058
23063
23080
23082
23104
23123
23134
23151
23195
23216
23218
23227
23232
23233
23274
23278
23281
23315
23329
23359
23387
23392
23402
23407
23417
23429
23433
23433
23434
23446
23462
23468
23471
23488
23546
23579
23608
23612
23637
23638
23658
23659
23663
23720
23727
23728
23755
23763
23774
23774
23795
23799
23816
23822
23829
23836
23838
23843
23846
23849
23901
23913
23918
23923
23933
23942
23947
23954
23964
23972
23974
23976
24026
24076
24089
24112
24143
24145
24156
24157
24188
24194
24203
24222
24232
24243
24250
24287
24287
24320
24372
24418
24423
24462
24470
24476
24478
24516
24530
24534
24547
24550
24574
24593
24596
24599
24602
24607
24644
24691
24701
24741
24774
24792
24796
24815
24849
24856
24878
24926
25005
25051
25063
25065
25074
25076
25130
25132
25228
25248
25251
25258
25265
25269
25304
25329
25330
25331
25338
25343
25362
25368
25383
25400
25419
25472
25497
25497
25503
25514
25526
25530
25531
25571
25574
25587
25605
25625
25663
25676
25677
25712
25726
25804
25837
25843
25848
25877
25900
25912
25941
25946
26006
26032
26066
26068
26092
26094
26094
26148
26185
26186
26206
26225
26242
26272
26301
26307
26385
26415
26431
26442
26452
26461
26519
26527
26554
26567
26603
26611
26640
26660
26664
26667
26703
26710
26721
26780
26803
26868
26893
26900
26924
26937
26946
26951
27025
27091
27092
27093
27151
27157
27161
27182
27192
27230
27245
27281
27295
27304
27320
27326
27394
27404
27456
27496
27507
27537
27560
27568
27600
27614
27616
27662
27663
27672
27682
27698
27733
27761
27761
27785
27790
27796
27816
27819
27828
27911
27937
27969
27980
27985
27997
28002
28041
28056
28057
28072
28084
28104
28111
28124
28138
28165
28196
28246
28250
28254
28254
28277
28292
28292
28305
28319
28340
28345
28373
28387
28401
28413
28417
28445
28489
28506
28509
28541
28542
28564
28581
28593
28622
28631
28646
28650
28656
28703
28719
28740
28748
28760
28774
28780
28783
28784
28788
28797
28806
28809
28837
28843
28849
28856
28866
28870
28886
28890
28890
28896
28900
28908
28922
28927
28996
29004
29008
29029
29040
29062
29072
29097
29116
29130
29136
29138
29143
29154
29183
29204
29211
29212
29213
29219
29220
29224
29228
29255
29321
29336
29338
29348
29359
29374
29376
29377
29380
29383
29393
29400
29408
29422
29425
29448
29455
29485
29492
29527
29537
29566
29573
29574
29592
29611
29619
29621
29634
29641
29651
29691
29697
29699
29704
29742
29747
29779
29834
29849
29856
29947
29974
29976
29979
30037
30037
30082
30086
30097
30127
30128
30129
30137
30182
30201
30213
30220
30221
30235
30253
30253
30280
30307
30313
30328
30331
30348
30370
30381
30387
30409
30414
30449
30449
30456
30499
30521
30547
30550
30556
30559
30610
30646
30663
30684
30689
30693
30699
30705
30708
30711
30722
30748
30772
30806
30814
30825
30845
30884
30922
30935
30935
30943
30953
30954
30962
30964
30973
31041
31090
31104
31105
31113
31158
31189
31197
31217
31219
31221
31249
31269
31327
31337
31354
31362
31371
31399
31414
31420
31422
31427
31428
31436
31463
31482
31506
31518
31527
31546
31560
31575
31577
31585
31602
31622
31632
31656
31664
31688
31693
31710
31716
31726
31745
31747
31749
31749
31776
31785
31785
31790
31790
31799
31806
31846
31851
31878
31878
31908
31922
31922
31933
31946
31960
31963
31971
31975
31987
31992
31994
32004
32005
32028
32029
32050
32063
32063
32065
32095
32096
32097
32109
32126
32129
32133
32164
32170
32195
32222
32243
32252
32262
32272
32275
32290
32351
32385
32397
32419
32449
32449
32475
32500
32504
32506
32516
32517
32536
32582
32611
32681
32699
32728
32742
32759
   1
  12
  21
  22
  23
  36
  67
 121
 126
 152
 155
 156
 161
 173
 174
 203
 259
 291
 296
 303
 304
 306
 307
 320
 329
 333
 372
 421
 436
 442
 446
 454
 466
 484
 488
 490
 515
 532
 559
 582
 592
 637
 645
 659
 686
 699
 710
 731
 795
 804
 805
 811
 825
 862
 887
 897
 906
 915
 916
 929
 952
 979
 989
 989
 996
1004
1034
1060
1072
1072
1073
1079
1084
1106
1122
1122
1146
1152
1165
1171
1202
1216
1227
1229
1237
1246
1279
1280
1284
1285
1311
1339
1349
1353
1381
1388
1391
1392
1396
1401
1405
1432
1440
1442
1449
1456
1457
1460
1472
1491
1496
1519
1533
1620
1621
1671
1672
1673
1720
1753
1760
1815
1834
1847
1867
1883
1897
1915
1926
1933
1958
1968
1976
1978
1991
1995
2015
2032
2035
2054
2061
2091
2133
2133
2164
2169
2182
2231
2236
2237
2239
2247
2256
2266
2296
2373
2378
2383
2410
2418
2428
2454
2454
2466
2477
2485
2555
2563
2630
2635
2655
2673
2699
2715
2729
2736
2745
2758
2759
2759
2761
2811
2849
2985
3005
3023
3029
3042
3055
3084
3102
3116
3199
3204
3207
3208
3230
3231
3235
3237
3276
3284
3284
3312
3318
3321
3334
3337
3348
3352
3354
3356
3381
3393
3404
3407
3407
3431
3434
3443
3452
3489
3495
3499
3507
3515
3521
3544
3568
3590
3593
3612
3621
3670
3672
3677
3677
3682
3694
3731
3742
3760
3786
3796
3816
3819
3829
3838
3849
3851
3860
3867
3877
3886
3896
3896
3922
3941
3953
4000
4019
4021
4046
4056
4072
4101
4118
4122
4140
4145
4152
4164
4170
4177
4194
4216
4238
4247
4247
4251
4290
4311
4314
4335
4362
4388
4396
4404
4417
4441
4481
4536
4558
4578
4601
4617
4618
4646
4680
4687
4688
4702
4720
4724
4726
4731
4765
4778
4802
4808
4829
4849
4850
4861
4880
4881
4898
4908
4926
4955
4960
4963
4963
4981
4981
4989
4992
5004
5009
5016
5032
5044
5050
5058
5059
5073
5090
5094
5110
5114
5139
5153
5173
5222
5251
5310
5322
5346
5349
5359
5363
5384
5424
5448
5449
5456
5463
5486
5509
5535
5536
5547
5564
5568
5608
5658
5674
5743
5760
5777
5797
5810
5820
5830
5838
5853
5855
5894
5939
5946
5951
6065
6071
6073
6076
6088
6091
6098
6125
6139
6162
6183
6185
6282
6318
6331
6334
6344
6356
6358
6362
6422
6434
6436
6438
6443
6445
6450
6469
6471
6487
6516
6517
6520
6537
6549
6559
6574
6584
6589
6594
6617
6644
6671
6688
6696
6717
6733
6751
6764
6799
6836
6837
6867
6876
6923
6930
6968
7076
7119
7126
7147
7156
7168
7184
7203
7225
7235
7248
7252
7257
7266
7268
7316
7330
7353
7372
7398
7409
7411
7411
7438
7443
7451
7452
7462
7466
7475
7498
7500
7512
7546
7554
7577
7581
7612
7614
7627
7657
7694
7698
7715
7727
7731
7758
7782
7797
7834
7873
7879
7884
7886
7929
7946
7946
7982
7984
7991
8000
8007
8013
8031
8036
8073
8079
8085
8113
8113
8118
8185
8201
8211
8230
8231
8244
8272
8275
8279
8332
8335
8343
8357
8363
8391
8398
8406
8413
8414
8447
8455
8458
8498
8506
8538
8549
8557
8610
8628
8642
8671
8681
8692
8692
8703
8712
8713
8725
8725
8727
8738
8741
8746
8804
8805
8833
8838
8862
8889
8897
8933
8956
8957
8967
8969
8979
8987
9024
9054
9064
9108
9110
9112
9119
9119
9147
9163
9202
9222
9331
9334
9344
9381
9385
9387
9394
9394
9408
9408
9421
9446
9474
9547
9573
9620
9639
9641
9695
9697
9702
9742
9755
9763
9772
9784
9788
9802
9809
9836
9851
9872
9874
9885
9924
9936
9937
9941
9992
9995
9999
10002
10027
10064
10069
10076
10087
10109
10113
10118
10145
10152
10163
10178
10187
10198
10208
10239
10245
10275
10278
10312
10322
10333
10336
10343
10371
10372
10377
10395
10399
10407
10416
10420
10432
10434
10466
10471
10479
10495
10509
10531
10533
10540
10595
10617
10648
10676
10685
10711
10712
10778
10801
10811
10827
10832
10832
10854
10860
10905
11030
11044
11069
11084
11110
11135
11143
11160
11186
11205
11209
11213
11236
11253
11280
11299
11308
11321
11356
11384
11424
11438
11464
11467
11476
11478
11480
11568
11593
11596
11606
11626
11661
11662
11673
11675
11679
11680
11691
11718
11722
11729
11766
11766
11777
11791
11816
11832
11840
11901
11901
11909
11921
11936
11977
11997
12000
12001
12008
12040
12073
12077
12093
12107
12121
12125
12129
12163
12165
12165
12223
12225
12236
12256
12268
12298
12306
12358
12361
12375
12394
12398
12439
12447
12465
12470
12505
12527
12541
12551
12561
12591
12624
12639
12639
12665
12718
12724
12726
12755
12763
12766
12806
12846
12854
12868
12875
12881
12915
12933
12963
12982
12983
12995
13004
13008
13008
13013
13016
13038
13040
13068
13080
13092
13121
13121
13122
13135
13151
13161
13209
13241
13251
13258
13262
13296
13319
13393
13486
13487
13501
13513
13515
13535
13536
13557
13557
13557
13579
13580
13601
13629
13661
13674
13681
13708
13717
13757
13769
13794
13836
13861
13879
13882
13920
13920
13952
13958
13974
13975
13977
14036
14050
14083
14089
14093
14094
14095
14097
14130
14130
14149
14257
14261
14264
14270
14276
14282
14303
14359
14444
14462
14511
14563
14568
14631
14637
14639
14691
14692
14694
14698
14751
14752
14796
14803
14804
14823
14831
14834
14849
14871
14881
14883
14895
14948
14953
14960
14964
14969
14976
14978
14986
15001
15007
15013
15020
15030
15042
15068
15098
15102
15106
15129
15141
15156
15172
15193
15232
15260
15372
15379
15386
15399
15410
15421
15439
15447
15479
15509
15537
15560
15574
15590
15596
15616
15622
15722
15731
15737
15741
15751
15761
15770
15772
15778
15783
15813
15841
15842
15850
15889
15892
15917
15933
15961
15982
15983
15984
16037
16045
16058
16069
16073
16086
16087
16100
16141
16166
16172
16172
16181
16184
16211
16269
16270
16300
16330
16331
16334
16383
16410
16430
16440
16441
16451
16461
16463
16465
16496
16562
16572
16587
16587
16590
16597
16611
16640
16704
16711
16750
16776
16778
16786
16787
16788
16789
16792
16815
16856
16857
16861
16862
16866
16879
16888
16893
16911
16919
16934
16943
17003
17005
17037
17040
17060
17105
17116
17130
17140
17148
17169
17188
17209
17228
17232
17233
17248
17254
17291
17310
17310
17324
17343
17405
17414
17434
17442
17442
17487
17496
17556
17577
17599
17600
17626
17659
17687
17689
17695
17726
17753
17759
17770
17784
17803
17822
17883
17893
17918
17921
17921
17964
17983
17983
17996
18002
18023
18032
18047
18053
18072
18072
18079
18096
18101
18101
18105
18107
18109
18119
18129
18144
18191
18194
18197
18206
18207
18215
18222
18283
18285
18292
18296
18324
18346
18363
18385
18416
18416
18445
18500
18540
18555
18567
18586
18601
18653
18666
18671
18677
18690
18783
18789
18794
18807
18810
18842
18845
18865
18894
18919
18925
18941
18958
19012
19037
19066
19080
19108
19156
19169
19188
19204
19209
19224
19251
19271
19271
19281
19287
19288
19322
19351
19362
19363
19364
19369
19370
19390
19400
19426
19475
19502
19514
19528
19534
19555
19600
19604
19645
19665
19690
19699
19701
19712
19715
19718
19768
19779
19864
19888
19894
19906
19909
19909
19913
19927
19934
19957
19960
19972
19976
20045
20051
20108
20129
20143
20143
20152
20160
20170
20189
20204
20214
20217
20232
20238
20251
20316
20319
20331
20332
20352
20360
20374
20376
20398
20412
20462
20533
20534
20549
20555
20567
20569
20587
20624
20650
20669
20698
20738
20761
20773
20773
20816
20834
20899
20916
20917
20924
20952
20957
20988
20999
21007
21043
21044
21054
21062
21075
21082
21096
21101
21105
21108
21111
21114
21117
21125
21128
21151
21154
21177
21182
21192
21206
21206
21248
21266
21282
21286
21327
21338
21345
21366
21367
21380
21396
21499
21521
21528
21531
21537
21555
21564
21566
21579
21624
21636
21643
21677
21693
21719
21725
21763
21778
21817
21820
21820
21822
21832
21860
21861
21861
21876
21894
21906
21967
21978
21989
22003
22004
22008
22027
22039
22047
22051
22057
22072
22106
22118
22121
22141
22184
22199
22211
22238
22317
22324
22332
22395
22398
22402
22428
22438
22458
22460
22487
22489
22529
22558
22564
22565
22637
22657
22730
22731
22742
22752
22763
22783
22803
22812
22814
22827
22832
22848
22857
22861
22870
22874
22888
22920
22953
22956
22964
22977
22983
22994
22996
23000
23040
23047
23066
23076
23080
23088
23091
23098
23143
23146
23161
23197
23223
23227
23232
23238
23254
23265
23279
23306
23316
23325
23350
23358
23385
23404
23422
23432
23448
23461
23511
23521
23529
23532
23554
23558
23571
23574
23600
23601
23625
23628
23630
23657
23669
23765
23781
23816
23838
23869
23871
23906
23919
23934
23982
23989
24042
24107
24148
24186
24230
24234
24254
24258
24299
24341
24362
24371
24375
24381
24465
24470
24509
24528
24532
24540
24559
24564
24592
24608
24617
24618
24619
24675
24680
24681
24735
24746
24762
24766
24773
24780
24817
24818
24819
24835
24842
24868
24884
24885
24898
24903
24911
24928
24949
24965
24984
25005
25028
25030
25031
25068
25074
25093
25118
25120
25138
25146
25157
25170
25172
25194
25198
25202
25217
25222
25225
25234
25247
25262
25265
25265
25270
25272
25275
25282
25283
25293
25297
25315
25336
25336
25339
25349
25351
25355
25357
25377
25385
25389
25407
25440
25471
25493
25499
25500
25529
25538
25549
25551
25569
25583
25586
25596
25606
25609
25664
25668
25680
25690
25692
25739
25760
25782
25785
25801
25807
25816
25825
25834
25841
25852
25853
25880
25895
25925
25927
25931
25935
25938
25942
25954
25967
25974
25992
26002
26026
26048
26063
26066
26085
26122
26124
26131
26149
26169
26178
26207
26208
26221
26238
26248
26272
26276
26280
26285
26289
26302
26310
26337
26372
26374
26390
26391
26413
26455
26460
26476
26494
26526
26550
26572
26581
26602
26646
26670
26684
26690
26711
26724
26741
26748
26750
26760
26784
26805
26805
26816
26860
26867
26897
26901
26930
26956
26977
26981
26985
26989
26991
26998
27007
27054
27056
27090
27091
27096
27099
27107
27135
27145
27154
27200
27211
27226
27229
27230
27269
27292
27325
27346
27380
27394
27410
27424
27435
27463
27517
27523
27544
27555
27582
27602
27619
27620
27643
27643
27665
27669
27689
27690
27692
27699
27753
27762
27787
27796
27799
27806
27809
27812
27813
27829
27830
27840
27857
27864
27890
27910
27936
27937
27939
27957
27986
28008
28030
28066
28146
28169
28179
28188
28190
28215
28230
28238
28262
28266
28287
28349
28379
28384
28390
28398
28403
28411
28449
28476
28501
28509
28512
28604
28615
28646
28665
28676
28685
28692
28712
28724
28729
28730
28807
28808
28818
28829
28866
28873
28885
28904
28934
28957
28959
28975
28976
28985
28990
28998
29015
29024
29034
29067
29072
29075
29083
29086
29090
29104
29165
29186
29187
29204
29250
29285
29335
29342
29355
29392
29426
29427
29428
29430
29444
29450
29477
29501
29502
29511
29522
29543
29559
29587
29634
29647
29652
29693
29702
29748
29759
29769
29775
29787
29819
29830
29864
29871
29887
29924
29924
29945
29985
29994
30002
30024
30027
30051
30075
30117
30136
30153
30162
30179
30181
30183
30213
30240
30248
30257
30273
30285
30302
30303
30321
30336
30341
30342
30345
30374
30390
30398
30405
30406
30441
30449
30454
30455
30459
30476
30476
30486
30499
30501
30507
30536
30539
30540
30546
30629
30641
30685
30696
30705
30721
30723
30730
30737
30742
30742
30847
30854
30857
30871
30891
30900
30901
30903
30926
30932
30937
30944
30951
30970
30974
30977
30977
30984
31014
31023
31046
31056
31076
31079
31104
31107
31149
31159
31163
31189
31244
31248
31271
31293
31293
31306
31309
31310
31323
31328
31328
31342
31352
31355
31373
31392
31394
31398
31407
31445
31472
31480
31481
31485
31515
31533
31534
31569
31583
31583
31592
31593
31603
31616
31622
31636
31643
31670
31673
31686
31686
31695
31724
31740
31755
31756
31787
31795
31796
31827
31831
31840
31881
31884
31910
31937
31949
31992
32004
32031
32033
32050
32066
32078
32086
32087
32088
32122
32124
32125
32131
32184
32189
32190
32195
32206
32208
32208
32210
32215
32217
32223
32236
32242
32263
32267
32278
32286
32286
32326
32352
32352
32364
32369
32406
32408
32408
32430
32450
32459
32525
32532
32577
32628
32637
32652
32697
32700
32701
32701
32706
32712
32717
32761
